  message: 'startup-script: 2026-04-02 17:44:32.444844 - 401---------------------------------------------'
  message: 'startup-script: 2026-04-02 17:44:32.444821 - 400.2---------------------------------------------'
  message: 'startup-script: 2026-04-02 17:44:32.443 DEBUG - Lock 124733479412624 released
  message: 'startup-script: 2026-04-02 17:44:32.443 DEBUG - Attempting to release
  message: 'startup-script: 2026-04-02 17:44:32.443082 - 00---------------------------------------------'
  message: 'startup-script: 2026-04-02 17:44:32.443001 - 0010---------------------------------------------'
  message: 'startup-script: 2026-04-02 17:44:32.441720 - 00---------------------------------------------'
  message: 'startup-script: 2026-04-02 17:44:32.441670 - 0010---------------------------------------------'
  message: 'startup-script: 2026-04-02 17:44:32.440402 - 00---------------------------------------------'
  message: 'startup-script: 2026-04-02 17:44:32.440350 - 0010---------------------------------------------'
  message: 'startup-script: 2026-04-02 17:44:32.438100 - 00---------------------------------------------'
  message: 'startup-script: 2026-04-02 17:44:32.438041 - 0010---------------------------------------------'
  message: 'startup-script: 2026-04-02 17:44:32.435 DEBUG - Lock 134317617531312 released
  message: 'startup-script: 2026-04-02 17:44:32.435 DEBUG - Attempting to release
  message: 'startup-script: 2026-04-02 17:44:32.434056 - 00---------------------------------------------'
  message: 'startup-script: 2026-04-02 17:44:32.433994 - 0010---------------------------------------------'
  message: 'startup-script: 2026-04-02 17:44:32.432 DEBUG - Lock 133339600424928 acquired
  message: 'startup-script: 2026-04-02 17:44:32.432 DEBUG - Attempting to acquire
  message: 'startup-script: 2026-04-02 17:44:32.432722 - 00---------------------------------------------'
  message: 'startup-script: 2026-04-02 17:44:32.432671 - 0010---------------------------------------------'
  message: 'startup-script: 2026-04-02 17:44:32.432 DEBUG - Lock 133339600424352 released
  message: 'startup-script: 2026-04-02 17:44:32.432 DEBUG - Attempting to release
  message: 'startup-script: 2026-04-02 17:44:32.429582 - 00---------------------------------------------'
  message: 'startup-script: 2026-04-02 17:44:32.429531 - 0010---------------------------------------------'
  message: 'startup-script: 2026-04-02 17:44:32.429 DEBUG - Lock 125757755692656 acquired
  message: 'startup-script: 2026-04-02 17:44:32.429 DEBUG - Attempting to acquire
  message: 'startup-script: 2026-04-02 17:44:32.429201 - 00---------------------------------------------'
  message: 'startup-script: 2026-04-02 17:44:32.429156 - 0010---------------------------------------------'
  message: 'startup-script: 2026-04-02 17:44:32.429133 - 400.1---------------------------------------'
  message: 'startup-script: 2026-04-02 17:44:32.429115 - 400---------------------------------------------'
  message: 'startup-script: 2026-04-02 17:44:32.429108 - 3014---------------------------------------------'
  message: 'startup-script: 2026-04-02 17:44:32.429 INFO - 2026-04-02 17:44:32 ||
  message: 'startup-script: 2026-04-02 17:44:32 || INFO | GO_0007   13/ 800  GASPRA/C0107282104R.LBL'
  message: 'startup-script: 2026-04-02 17:44:32.428885 - 3013---------------------------------------------'
  message: 'startup-script: 2026-04-02 17:44:32.428875 - 3012---------------------------------------------'
  message: 'startup-script: 2026-04-02 17:44:32.428871 - 3011---------------------------------------------'
  message: 'startup-script: 2026-04-02 17:44:32.428846 - 3010---------------------------------------------'
  message: 'startup-script: 2026-04-02 17:44:32.428842 - 3015---------------------------------------------'
  message: 'startup-script: 2026-04-02 17:44:32.428838 - 403---------------------------------------------'
  message: 'startup-script: 2026-04-02 17:44:32.428829 - 402---------------------------------------------'
  message: 'startup-script: 2026-04-02 17:44:32.428769 - 4013---------------------------------------------'
  message: 'startup-script: 2026-04-02 17:44:32.428761 - 4012---------------------------------------------'
  message: 'startup-script: 2026-04-02 17:44:32.428728 - 4011---------------------------------------------'
  message: 'startup-script: 2026-04-02 17:44:32.428719 - 4010---------------------------------------------'
  message: 'startup-script: 2026-04-02 17:44:32.428658 - 4013---------------------------------------------'
  message: 'startup-script: 2026-04-02 17:44:32.428654 - 4012---------------------------------------------'
  message: 'startup-script: 2026-04-02 17:44:32.428632 - 4011---------------------------------------------'
  message: 'startup-script: 2026-04-02 17:44:32.428623 - 4010---------------------------------------------'
  message: 'startup-script: 2026-04-02 17:44:32.428550 - 4013---------------------------------------------'
  message: 'startup-script: 2026-04-02 17:44:32.428537 - 4012---------------------------------------------'
  message: 'startup-script: 2026-04-02 17:44:32.428132 - 4011---------------------------------------------'
  message: 'startup-script: 2026-04-02 17:44:32.428119 - 4010---------------------------------------------'
  message: 'startup-script: 2026-04-02 17:44:32.428064 - 00---------------------------------------------'
  message: 'startup-script: 2026-04-02 17:44:32.428025 - 4013---------------------------------------------'
  message: 'startup-script: 2026-04-02 17:44:32.428014 - 4012---------------------------------------------'
  message: 'startup-script: 2026-04-02 17:44:32.427996 - 0010---------------------------------------------'
  message: 'startup-script: 2026-04-02 17:44:32.427588 - 4011---------------------------------------------'
  message: 'startup-script: 2026-04-02 17:44:32.427579 - 4010---------------------------------------------'
  message: 'startup-script: 2026-04-02 17:44:32.427458 - 4013---------------------------------------------'
  message: 'startup-script: 2026-04-02 17:44:32.427454 - 4012---------------------------------------------'
  message: 'startup-script: 2026-04-02 17:44:32.427446 - 4011---------------------------------------------'
  message: 'startup-script: 2026-04-02 17:44:32.427439 - 4010---------------------------------------------'
  message: 'startup-script: 2026-04-02 17:44:32.427383 - 4013---------------------------------------------'
  message: 'startup-script: 2026-04-02 17:44:32.427379 - 4012---------------------------------------------'
  message: 'startup-script: 2026-04-02 17:44:32.427373 - 4011---------------------------------------------'
  message: 'startup-script: 2026-04-02 17:44:32.427365 - 4010---------------------------------------------'
  message: 'startup-script: 2026-04-02 17:44:32.427308 - 4013---------------------------------------------'
  message: 'startup-script: 2026-04-02 17:44:32.427304 - 4012---------------------------------------------'
  message: 'startup-script: 2026-04-02 17:44:32.427297 - 4011---------------------------------------------'
  message: 'startup-script: 2026-04-02 17:44:32.427288 - 4010---------------------------------------------'
  message: 'startup-script: 2026-04-02 17:44:32.427228 - 4013---------------------------------------------'
  message: 'startup-script: 2026-04-02 17:44:32.427225 - 4012---------------------------------------------'
  message: 'startup-script: 2026-04-02 17:44:32.427218 - 4011---------------------------------------------'
  message: 'startup-script: 2026-04-02 17:44:32.427208 - 4010---------------------------------------------'
  message: 'startup-script: 2026-04-02 17:44:32.427148 - 4013---------------------------------------------'
  message: 'startup-script: 2026-04-02 17:44:32.427145 - 4012---------------------------------------------'
  message: 'startup-script: 2026-04-02 17:44:32.427138 - 4011---------------------------------------------'
  message: 'startup-script: 2026-04-02 17:44:32.427132 - 4010---------------------------------------------'
  message: 'startup-script: 2026-04-02 17:44:32.427066 - 4013---------------------------------------------'
  message: 'startup-script: 2026-04-02 17:44:32.427061 - 4012---------------------------------------------'
  message: 'startup-script: 2026-04-02 17:44:32.427054 - 4011---------------------------------------------'
  message: 'startup-script: 2026-04-02 17:44:32.427033 - 4010---------------------------------------------'
  message: 'startup-script: 2026-04-02 17:44:32.426976 - 4013---------------------------------------------'
  message: 'startup-script: 2026-04-02 17:44:32.426973 - 4012---------------------------------------------'
  message: 'startup-script: 2026-04-02 17:44:32.426966 - 4011---------------------------------------------'
  message: 'startup-script: 2026-04-02 17:44:32.426957 - 4010---------------------------------------------'
  message: 'startup-script: 2026-04-02 17:44:32.426898 - 4013---------------------------------------------'
  message: 'startup-script: 2026-04-02 17:44:32.426894 - 4012---------------------------------------------'
  message: 'startup-script: 2026-04-02 17:44:32.426886 - 4011---------------------------------------------'
  message: 'startup-script: 2026-04-02 17:44:32.426876 - 4010---------------------------------------------'
  message: 'startup-script: 2026-04-02 17:44:32.426 DEBUG - Lock 127598651369632 acquired
  message: 'startup-script: 2026-04-02 17:44:32.426803 - 4013---------------------------------------------'
  message: 'startup-script: 2026-04-02 17:44:32.426787 - 4012---------------------------------------------'
  message: 'startup-script: 2026-04-02 17:44:32.426 DEBUG - Attempting to acquire
  message: 'startup-script: 2026-04-02 17:44:32.426448 - 400.1---------------------------------------'
  message: 'startup-script: 2026-04-02 17:44:32.426432 - 400---------------------------------------------'
  message: 'startup-script: 2026-04-02 17:44:32.426425 - 3014---------------------------------------------'
  message: 'startup-script: 2026-04-02 17:44:32.426 INFO - 2026-04-02 17:44:32 ||
  message: 'startup-script: 2026-04-02 17:44:32 || INFO | GO_0006   14/ 453  REDO/C0061508200R.LBL'
  message: 'startup-script: 2026-04-02 17:44:32.426200 - 3013---------------------------------------------'
  message: 'startup-script: 2026-04-02 17:44:32.426190 - 3012---------------------------------------------'
  message: 'startup-script: 2026-04-02 17:44:32.426186 - 3011---------------------------------------------'
  message: 'startup-script: 2026-04-02 17:44:32.426159 - 3010---------------------------------------------'
  message: 'startup-script: 2026-04-02 17:44:32.426156 - 3015---------------------------------------------'
  message: 'startup-script: 2026-04-02 17:44:32.426152 - 403---------------------------------------------'
  message: 'startup-script: 2026-04-02 17:44:32.426145 - 402---------------------------------------------'
  message: 'startup-script: 2026-04-02 17:44:32.426085 - 4013---------------------------------------------'
  message: 'startup-script: 2026-04-02 17:44:32.426080 - 4012---------------------------------------------'
  message: 'startup-script: 2026-04-02 17:44:32.426041 - 4011---------------------------------------------'
  message: 'startup-script: 2026-04-02 17:44:32.426035 - 4010---------------------------------------------'
  message: 'startup-script: 2026-04-02 17:44:32.425975 - 4013---------------------------------------------'
  message: 'startup-script: 2026-04-02 17:44:32.425971 - 4012---------------------------------------------'
  message: 'startup-script: 2026-04-02 17:44:32.425949 - 4011---------------------------------------------'
  message: 'startup-script: 2026-04-02 17:44:32.425942 - 4010---------------------------------------------'
  message: 'startup-script: 2026-04-02 17:44:32.425944 - 4011---------------------------------------------'
  message: 'startup-script: 2026-04-02 17:44:32.425938 - 4010---------------------------------------------'
  message: 'startup-script: 2026-04-02 17:44:32.425885 - 4013---------------------------------------------'
  message: 'startup-script: 2026-04-02 17:44:32.425882 - 4012---------------------------------------------'
  message: 'startup-script: 2026-04-02 17:44:32.425875 - 4011---------------------------------------------'
  message: 'startup-script: 2026-04-02 17:44:32.425873 - 4013---------------------------------------------'
  message: 'startup-script: 2026-04-02 17:44:32.425869 - 4010---------------------------------------------'
  message: 'startup-script: 2026-04-02 17:44:32.425859 - 4012---------------------------------------------'
  message: 'startup-script: 2026-04-02 17:44:32.425817 - 4013---------------------------------------------'
  message: 'startup-script: 2026-04-02 17:44:32.425813 - 4012---------------------------------------------'
  message: 'startup-script: 2026-04-02 17:44:32.425806 - 4011---------------------------------------------'
  message: 'startup-script: 2026-04-02 17:44:32.425800 - 4010---------------------------------------------'
  message: 'startup-script: 2026-04-02 17:44:32.425738 - 4013---------------------------------------------'
  message: 'startup-script: 2026-04-02 17:44:32.425735 - 4012---------------------------------------------'
  message: 'startup-script: 2026-04-02 17:44:32.425727 - 4011---------------------------------------------'
  message: 'startup-script: 2026-04-02 17:44:32.425717 - 4010---------------------------------------------'
  message: 'startup-script: 2026-04-02 17:44:32.425504 - 4013---------------------------------------------'
  message: 'startup-script: 2026-04-02 17:44:32.425500 - 4012---------------------------------------------'
  message: 'startup-script: 2026-04-02 17:44:32.425492 - 4011---------------------------------------------'
  message: 'startup-script: 2026-04-02 17:44:32.425485 - 4010---------------------------------------------'
  message: 'startup-script: 2026-04-02 17:44:32.425442 - 4011---------------------------------------------'
  message: 'startup-script: 2026-04-02 17:44:32.425436 - 4010---------------------------------------------'
  message: 'startup-script: 2026-04-02 17:44:32.425364 - 4013---------------------------------------------'
  message: 'startup-script: 2026-04-02 17:44:32.425349 - 4012---------------------------------------------'
  message: 'startup-script: 2026-04-02 17:44:32.425246 - 4013---------------------------------------------'
  message: 'startup-script: 2026-04-02 17:44:32.425242 - 4012---------------------------------------------'
  message: 'startup-script: 2026-04-02 17:44:32.425231 - 4011---------------------------------------------'
  message: 'startup-script: 2026-04-02 17:44:32.425221 - 4010---------------------------------------------'
  message: 'startup-script: 2026-04-02 17:44:32.425124 - 4013---------------------------------------------'
  message: 'startup-script: 2026-04-02 17:44:32.425102 - 4012---------------------------------------------'
  message: 'startup-script: 2026-04-02 17:44:32.424892 - 4011---------------------------------------------'
  message: 'startup-script: 2026-04-02 17:44:32.424882 - 4010---------------------------------------------'
  message: 'startup-script: 2026-04-02 17:44:32.424716 - 4013---------------------------------------------'
  message: 'startup-script: 2026-04-02 17:44:32.424712 - 4012---------------------------------------------'
  message: 'startup-script: 2026-04-02 17:44:32.424703 - 4011---------------------------------------------'
  message: 'startup-script: 2026-04-02 17:44:32.424695 - 4010---------------------------------------------'
  message: 'startup-script: 2026-04-02 17:44:32.424621 - 4013---------------------------------------------'
  message: 'startup-script: 2026-04-02 17:44:32.424617 - 4012---------------------------------------------'
  message: 'startup-script: 2026-04-02 17:44:32.424611 - 4011---------------------------------------------'
  message: 'startup-script: 2026-04-02 17:44:32.424604 - 4010---------------------------------------------'
  message: 'startup-script: 2026-04-02 17:44:32.424542 - 4013---------------------------------------------'
  message: 'startup-script: 2026-04-02 17:44:32.424538 - 4012---------------------------------------------'
  message: 'startup-script: 2026-04-02 17:44:32.424531 - 4011---------------------------------------------'
  message: 'startup-script: 2026-04-02 17:44:32.424522 - 4010---------------------------------------------'
  message: 'startup-script: 2026-04-02 17:44:32.424464 - 4013---------------------------------------------'
  message: 'startup-script: 2026-04-02 17:44:32.424460 - 4012---------------------------------------------'
  message: 'startup-script: 2026-04-02 17:44:32.424453 - 4011---------------------------------------------'
  message: 'startup-script: 2026-04-02 17:44:32.424447 - 4010---------------------------------------------'
  message: 'startup-script: 2026-04-02 17:44:32.424388 - 4013---------------------------------------------'
  message: 'startup-script: 2026-04-02 17:44:32.424385 - 4012---------------------------------------------'
  message: 'startup-script: 2026-04-02 17:44:32.424378 - 4011---------------------------------------------'
  message: 'startup-script: 2026-04-02 17:44:32.424369 - 4010---------------------------------------------'
  message: 'startup-script: 2026-04-02 17:44:32.424304 - 4013---------------------------------------------'
  message: 'startup-script: 2026-04-02 17:44:32.424300 - 4012---------------------------------------------'
  message: 'startup-script: 2026-04-02 17:44:32.424293 - 4011---------------------------------------------'
  message: 'startup-script: 2026-04-02 17:44:32.424287 - 4010---------------------------------------------'
  message: 'startup-script: 2026-04-02 17:44:32.424232 - 4013---------------------------------------------'
  message: 'startup-script: 2026-04-02 17:44:32.424228 - 4012---------------------------------------------'
  message: 'startup-script: 2026-04-02 17:44:32.424221 - 4011---------------------------------------------'
  message: 'startup-script: 2026-04-02 17:44:32.424216 - 4010---------------------------------------------'
  message: 'startup-script: 2026-04-02 17:44:32.424157 - 4013---------------------------------------------'
  message: 'startup-script: 2026-04-02 17:44:32.424153 - 4012---------------------------------------------'
  message: 'startup-script: 2026-04-02 17:44:32.424144 - 4011---------------------------------------------'
  message: 'startup-script: 2026-04-02 17:44:32.424135 - 4010---------------------------------------------'
  message: 'startup-script: 2026-04-02 17:44:32.424059 - 4013---------------------------------------------'
  message: 'startup-script: 2026-04-02 17:44:32.424030 - 4012---------------------------------------------'
  message: 'startup-script: 2026-04-02 17:44:32.423319 - 00---------------------------------------------'
  message: 'startup-script: 2026-04-02 17:44:32.423268 - 0010---------------------------------------------'
  message: 'startup-script: 2026-04-02 17:44:32.423196 - 4011---------------------------------------------'
  message: 'startup-script: 2026-04-02 17:44:32.423189 - 4010---------------------------------------------'
  message: 'startup-script: 2026-04-02 17:44:32.423132 - 4013---------------------------------------------'
  message: 'startup-script: 2026-04-02 17:44:32.423128 - 4012---------------------------------------------'
  message: 'startup-script: 2026-04-02 17:44:32.423121 - 4011---------------------------------------------'
  message: 'startup-script: 2026-04-02 17:44:32.423113 - 4010---------------------------------------------'
  message: 'startup-script: 2026-04-02 17:44:32.423059 - 4013---------------------------------------------'
  message: 'startup-script: 2026-04-02 17:44:32.423055 - 4012---------------------------------------------'
  message: 'startup-script: 2026-04-02 17:44:32.423038 - 4011---------------------------------------------'
  message: 'startup-script: 2026-04-02 17:44:32.423030 - 4010---------------------------------------------'
  message: 'startup-script: 2026-04-02 17:44:32.422973 - 4013---------------------------------------------'
  message: 'startup-script: 2026-04-02 17:44:32.422970 - 4012---------------------------------------------'
  message: 'startup-script: 2026-04-02 17:44:32.422962 - 4011---------------------------------------------'
  message: 'startup-script: 2026-04-02 17:44:32.422953 - 4010---------------------------------------------'
  message: 'startup-script: 2026-04-02 17:44:32.422729 - 4013---------------------------------------------'
  message: 'startup-script: 2026-04-02 17:44:32.422725 - 4012---------------------------------------------'
  message: 'startup-script: 2026-04-02 17:44:32.422718 - 4011---------------------------------------------'
  message: 'startup-script: 2026-04-02 17:44:32.422709 - 4010---------------------------------------------'
  message: 'startup-script: 2026-04-02 17:44:32.422467 - 4013---------------------------------------------'
  message: 'startup-script: 2026-04-02 17:44:32.422464 - 4012---------------------------------------------'
  message: 'startup-script: 2026-04-02 17:44:32.422454 - 4011---------------------------------------------'
  message: 'startup-script: 2026-04-02 17:44:32.422444 - 4010---------------------------------------------'
  message: 'startup-script: 2026-04-02 17:44:32.422339 - 4013---------------------------------------------'
  message: 'startup-script: 2026-04-02 17:44:32.422317 - 4012---------------------------------------------'
  message: 'startup-script: 2026-04-02 17:44:32.420599 - 00---------------------------------------------'
  message: 'startup-script: 2026-04-02 17:44:32.420542 - 0010---------------------------------------------'
  message: 'startup-script: 2026-04-02 17:44:32.420402 - 00---------------------------------------------'
  message: 'startup-script: 2026-04-02 17:44:32.420353 - 0010---------------------------------------------'
  message: 'startup-script: 2026-04-02 17:44:32.419 DEBUG - Lock 128667386604688 acquired
  message: 'startup-script: 2026-04-02 17:44:32.419 DEBUG - Attempting to acquire
  message: 'startup-script: 2026-04-02 17:44:32.419 DEBUG - Lock 137917746555616 acquired
  message: 'startup-script: 2026-04-02 17:44:32.419 DEBUG - Attempting to acquire
  message: 'startup-script: 2026-04-02 17:44:32.419269 - 4011---------------------------------------------'
  message: 'startup-script: 2026-04-02 17:44:32.419256 - 4010---------------------------------------------'
  message: 'startup-script: 2026-04-02 17:44:32.419169 - 4013---------------------------------------------'
  message: 'startup-script: 2026-04-02 17:44:32.419162 - 4012---------------------------------------------'
  message: 'startup-script: 2026-04-02 17:44:32.419154 - 400.1---------------------------------------'
  message: 'startup-script: 2026-04-02 17:44:32.419147 - 4011---------------------------------------------'
  message: 'startup-script: 2026-04-02 17:44:32.419136 - 4010---------------------------------------------'
  message: 'startup-script: 2026-04-02 17:44:32.419136 - 400---------------------------------------------'
  message: 'startup-script: 2026-04-02 17:44:32.419126 - 3014---------------------------------------------'
  message: 'startup-script: 2026-04-02 17:44:32.419 INFO - 2026-04-02 17:44:32 ||
  message: 'startup-script: 2026-04-02 17:44:32 || INFO | GO_0010    7/ 800  MOON/C0165033713R.LBL'
  message: 'startup-script: 2026-04-02 17:44:32.419032 - 4013---------------------------------------------'
  message: 'startup-script: 2026-04-02 17:44:32.419021 - 4012---------------------------------------------'
  message: 'startup-script: 2026-04-02 17:44:32.418882 - 4011---------------------------------------------'
  message: 'startup-script: 2026-04-02 17:44:32.418874 - 4010---------------------------------------------'
  message: 'startup-script: 2026-04-02 17:44:32.418855 - 3013---------------------------------------------'
  message: 'startup-script: 2026-04-02 17:44:32.418843 - 3012---------------------------------------------'
  message: 'startup-script: 2026-04-02 17:44:32.418839 - 3011---------------------------------------------'
  message: 'startup-script: 2026-04-02 17:44:32.418810 - 3010---------------------------------------------'
  message: 'startup-script: 2026-04-02 17:44:32.418806 - 3015---------------------------------------------'
  message: 'startup-script: 2026-04-02 17:44:32.418801 - 403---------------------------------------------'
  message: 'startup-script: 2026-04-02 17:44:32.418792 - 402---------------------------------------------'
  message: 'startup-script: 2026-04-02 17:44:32.418743 - 4013---------------------------------------------'
  message: 'startup-script: 2026-04-02 17:44:32.418734 - 4012---------------------------------------------'
  message: 'startup-script: 2026-04-02 17:44:32.418732 - 4013---------------------------------------------'
  message: 'startup-script: 2026-04-02 17:44:32.418727 - 4012---------------------------------------------'
  message: 'startup-script: 2026-04-02 17:44:32.418696 - 4011---------------------------------------------'
  message: 'startup-script: 2026-04-02 17:44:32.418687 - 4010---------------------------------------------'
  message: 'startup-script: 2026-04-02 17:44:32.418625 - 4011---------------------------------------------'
  message: 'startup-script: 2026-04-02 17:44:32.418627 - 4013---------------------------------------------'
  message: 'startup-script: 2026-04-02 17:44:32.418623 - 4012---------------------------------------------'
  message: 'startup-script: 2026-04-02 17:44:32.418619 - 4010---------------------------------------------'
  message: 'startup-script: 2026-04-02 17:44:32.418612 - 401---------------------------------------------'
  message: 'startup-script: 2026-04-02 17:44:32.418592 - 400.2---------------------------------------------'
  message: 'startup-script: 2026-04-02 17:44:32.418599 - 4011---------------------------------------------'
  message: 'startup-script: 2026-04-02 17:44:32.418589 - 4010---------------------------------------------'
  message: 'startup-script: 2026-04-02 17:44:32.418516 - 4013---------------------------------------------'
  message: 'startup-script: 2026-04-02 17:44:32.418499 - 4012---------------------------------------------'
  message: 'startup-script: 2026-04-02 17:44:32.418018 - 4011---------------------------------------------'
  message: 'startup-script: 2026-04-02 17:44:32.418009 - 4010---------------------------------------------'
  message: 'startup-script: 2026-04-02 17:44:32.417936 - 4013---------------------------------------------'
  message: 'startup-script: 2026-04-02 17:44:32.417922 - 4012---------------------------------------------'
  message: 'startup-script: 2026-04-02 17:44:32.417455 - 4011---------------------------------------------'
  message: 'startup-script: 2026-04-02 17:44:32.417445 - 4010---------------------------------------------'
  message: 'startup-script: 2026-04-02 17:44:32.417312 - 4013---------------------------------------------'
  message: 'startup-script: 2026-04-02 17:44:32.417309 - 4012---------------------------------------------'
  message: 'startup-script: 2026-04-02 17:44:32.417301 - 4011---------------------------------------------'
  message: 'startup-script: 2026-04-02 17:44:32.417293 - 4010---------------------------------------------'
  message: 'startup-script: 2026-04-02 17:44:32.417237 - 4013---------------------------------------------'
  message: 'startup-script: 2026-04-02 17:44:32.417233 - 4012---------------------------------------------'
  message: 'startup-script: 2026-04-02 17:44:32.417227 - 4011---------------------------------------------'
  message: 'startup-script: 2026-04-02 17:44:32.417218 - 4010---------------------------------------------'
  message: 'startup-script: 2026-04-02 17:44:32.417154 - 4013---------------------------------------------'
  message: 'startup-script: 2026-04-02 17:44:32.417150 - 4012---------------------------------------------'
  message: 'startup-script: 2026-04-02 17:44:32.417143 - 4011---------------------------------------------'
  message: 'startup-script: 2026-04-02 17:44:32.417132 - 4010---------------------------------------------'
  message: 'startup-script: 2026-04-02 17:44:32.417041 - 4013---------------------------------------------'
  message: 'startup-script: 2026-04-02 17:44:32.417037 - 4012---------------------------------------------'
  message: 'startup-script: 2026-04-02 17:44:32.417030 - 4011---------------------------------------------'
  message: 'startup-script: 2026-04-02 17:44:32.417021 - 4010---------------------------------------------'
  message: 'startup-script: 2026-04-02 17:44:32.416963 - 4013---------------------------------------------'
  message: 'startup-script: 2026-04-02 17:44:32.416959 - 4012---------------------------------------------'
  message: 'startup-script: 2026-04-02 17:44:32.416952 - 4011---------------------------------------------'
  message: 'startup-script: 2026-04-02 17:44:32.416943 - 4010---------------------------------------------'
  message: 'startup-script: 2026-04-02 17:44:32.416879 - 4013---------------------------------------------'
  message: 'startup-script: 2026-04-02 17:44:32.416875 - 4012---------------------------------------------'
  message: 'startup-script: 2026-04-02 17:44:32.416868 - 4011---------------------------------------------'
  message: 'startup-script: 2026-04-02 17:44:32.416860 - 4010---------------------------------------------'
  message: 'startup-script: 2026-04-02 17:44:32.416804 - 4013---------------------------------------------'
  message: 'startup-script: 2026-04-02 17:44:32.416800 - 4012---------------------------------------------'
  message: 'startup-script: 2026-04-02 17:44:32.416793 - 4011---------------------------------------------'
  message: 'startup-script: 2026-04-02 17:44:32.416784 - 4010---------------------------------------------'
  message: 'startup-script: 2026-04-02 17:44:32.416725 - 4013---------------------------------------------'
  message: 'startup-script: 2026-04-02 17:44:32.416721 - 4012---------------------------------------------'
  message: 'startup-script: 2026-04-02 17:44:32.416712 - 4011---------------------------------------------'
  message: 'startup-script: 2026-04-02 17:44:32.416702 - 4010---------------------------------------------'
  message: 'startup-script: 2026-04-02 17:44:32.416625 - 4013---------------------------------------------'
  message: 'startup-script: 2026-04-02 17:44:32.416609 - 4012---------------------------------------------'
  message: 'startup-script: 2026-04-02 17:44:32.415 DEBUG - Lock 138510734783840 acquired
  message: 'startup-script: 2026-04-02 17:44:32.415726 - 00---------------------------------------------'
  message: 'startup-script: 2026-04-02 17:44:32.415 DEBUG - Attempting to acquire
  message: 'startup-script: 2026-04-02 17:44:32.415698 - 4011---------------------------------------------'
  message: 'startup-script: 2026-04-02 17:44:32.415684 - 0010---------------------------------------------'
  message: 'startup-script: 2026-04-02 17:44:32.415691 - 4010---------------------------------------------'
  message: 'startup-script: 2026-04-02 17:44:32.415638 - 4013---------------------------------------------'
  message: 'startup-script: 2026-04-02 17:44:32.415634 - 4012---------------------------------------------'
  message: 'startup-script: 2026-04-02 17:44:32.415627 - 4011---------------------------------------------'
  message: 'startup-script: 2026-04-02 17:44:32.415619 - 4010---------------------------------------------'
  message: 'startup-script: 2026-04-02 17:44:32.415566 - 4013---------------------------------------------'
  message: 'startup-script: 2026-04-02 17:44:32.415562 - 4012---------------------------------------------'
  message: 'startup-script: 2026-04-02 17:44:32.415555 - 4011---------------------------------------------'
  message: 'startup-script: 2026-04-02 17:44:32.415547 - 4010---------------------------------------------'
  message: 'startup-script: 2026-04-02 17:44:32.415490 - 4013---------------------------------------------'
  message: 'startup-script: 2026-04-02 17:44:32.415486 - 4012---------------------------------------------'
  message: 'startup-script: 2026-04-02 17:44:32.415478 - 4011---------------------------------------------'
  message: 'startup-script: 2026-04-02 17:44:32.415470 - 4010---------------------------------------------'
  message: 'startup-script: 2026-04-02 17:44:32.415440 - 400.1---------------------------------------'
  message: 'startup-script: 2026-04-02 17:44:32.415423 - 400---------------------------------------------'
  message: 'startup-script: 2026-04-02 17:44:32.415416 - 3014---------------------------------------------'
  message: 'startup-script: 2026-04-02 17:44:32.415 INFO - 2026-04-02 17:44:32 ||
  message: 'startup-script: 2026-04-02 17:44:32 || INFO | GO_0004   17/ 800  EARTH/C0061067500R.LBL'
  message: 'startup-script: 2026-04-02 17:44:32.415249 - 4013---------------------------------------------'
  message: 'startup-script: 2026-04-02 17:44:32.415246 - 4012---------------------------------------------'
  message: 'startup-script: 2026-04-02 17:44:32.415236 - 4011---------------------------------------------'
  message: 'startup-script: 2026-04-02 17:44:32.415223 - 4010---------------------------------------------'
  message: 'startup-script: 2026-04-02 17:44:32.415186 - 3013---------------------------------------------'
  message: 'startup-script: 2026-04-02 17:44:32.415175 - 3012---------------------------------------------'
  message: 'startup-script: 2026-04-02 17:44:32.415170 - 3011---------------------------------------------'
  message: 'startup-script: 2026-04-02 17:44:32.415135 - 3010---------------------------------------------'
  message: 'startup-script: 2026-04-02 17:44:32.415131 - 3015---------------------------------------------'
  message: 'startup-script: 2026-04-02 17:44:32.415127 - 403---------------------------------------------'
  message: 'startup-script: 2026-04-02 17:44:32.415117 - 402---------------------------------------------'
  message: 'startup-script: 2026-04-02 17:44:32.415055 - 4013---------------------------------------------'
  message: 'startup-script: 2026-04-02 17:44:32.415035 - 4012---------------------------------------------'
  message: 'startup-script: 2026-04-02 17:44:32.415005 - 4011---------------------------------------------'
  message: 'startup-script: 2026-04-02 17:44:32.414997 - 4010---------------------------------------------'
  message: 'startup-script: 2026-04-02 17:44:32.414934 - 4013---------------------------------------------'
  message: 'startup-script: 2026-04-02 17:44:32.414933 - 4013---------------------------------------------'
  message: 'startup-script: 2026-04-02 17:44:32.414930 - 4012---------------------------------------------'
  message: 'startup-script: 2026-04-02 17:44:32.414929 - 4012---------------------------------------------'
  message: 'startup-script: 2026-04-02 17:44:32.414918 - 4011---------------------------------------------'
  message: 'startup-script: 2026-04-02 17:44:32.414910 - 4010---------------------------------------------'
  message: 'startup-script: 2026-04-02 17:44:32.414907 - 4011---------------------------------------------'
  message: 'startup-script: 2026-04-02 17:44:32.414896 - 4010---------------------------------------------'
  message: 'startup-script: 2026-04-02 17:44:32.414828 - 4013---------------------------------------------'
  message: 'startup-script: 2026-04-02 17:44:32.414819 - 4012---------------------------------------------'
  message: 'startup-script: 2026-04-02 17:44:32.414798 - 4013---------------------------------------------'
  message: 'startup-script: 2026-04-02 17:44:32.414774 - 4012---------------------------------------------'
  message: 'startup-script: 2026-04-02 17:44:32.414391 - 4011---------------------------------------------'
  message: 'startup-script: 2026-04-02 17:44:32.414382 - 4010---------------------------------------------'
  message: 'startup-script: 2026-04-02 17:44:32.414 DEBUG - Lock 136400672656704 acquired
  message: 'startup-script: 2026-04-02 17:44:32.414309 - 4013---------------------------------------------'
  message: 'startup-script: 2026-04-02 17:44:32.414295 - 4012---------------------------------------------'
  message: 'startup-script: 2026-04-02 17:44:32.414 DEBUG - Attempting to acquire
  message: 'startup-script: 2026-04-02 17:44:32.413910 - 400.1---------------------------------------'
  message: 'startup-script: 2026-04-02 17:44:32.413895 - 400---------------------------------------------'
  message: 'startup-script: 2026-04-02 17:44:32.413888 - 3014---------------------------------------------'
  message: 'startup-script: 2026-04-02 17:44:32.413 INFO - 2026-04-02 17:44:32 ||
  message: 'startup-script: 2026-04-02 17:44:32 || INFO | GO_0013    1/ 800  EARTH/C0165247645R.LBL'
  message: 'startup-script: 2026-04-02 17:44:32.413810 - 4011---------------------------------------------'
  message: 'startup-script: 2026-04-02 17:44:32.413800 - 4010---------------------------------------------'
  message: 'startup-script: 2026-04-02 17:44:32.413681 - 3013---------------------------------------------'
  message: 'startup-script: 2026-04-02 17:44:32.413634 - 4013---------------------------------------------'
  message: 'startup-script: 2026-04-02 17:44:32.413630 - 4012---------------------------------------------'
  message: 'startup-script: 2026-04-02 17:44:32.413622 - 4011---------------------------------------------'
  message: 'startup-script: 2026-04-02 17:44:32.413616 - 4010---------------------------------------------'
  message: 'startup-script: 2026-04-02 17:44:32.413609 - 3012---------------------------------------------'
  message: 'startup-script: 2026-04-02 17:44:32.413605 - 3011---------------------------------------------'
  message: 'startup-script: 2026-04-02 17:44:32.413574 - 3010---------------------------------------------'
  message: 'startup-script: 2026-04-02 17:44:32.413570 - 301---------------------------------------------'
  message: 'startup-script: 2026-04-02 17:44:32.413565 - 300---------------------------------------------'
  message: 'startup-script: 2026-04-02 17:44:32.413559 - 1---------------------------------------------'
  message: 'startup-script: 2026-04-02 17:44:32.413544 - 207---------------------------------------------'
  message: 'startup-script: 2026-04-02 17:44:32.413543 - 4013---------------------------------------------'
  message: 'startup-script: 2026-04-02 17:44:32.413539 - 4012---------------------------------------------'
  message: 'startup-script: 2026-04-02 17:44:32.413532 - 4011---------------------------------------------'
  message: 'startup-script: 2026-04-02 17:44:32.413524 - 4010---------------------------------------------'
  message: 'startup-script: 2026-04-02 17:44:32.413450 - 4013---------------------------------------------'
  message: 'startup-script: 2026-04-02 17:44:32.413446 - 4012---------------------------------------------'
  message: 'startup-script: 2026-04-02 17:44:32.413439 - 4011---------------------------------------------'
  message: 'startup-script: 2026-04-02 17:44:32.413431 - 4010---------------------------------------------'
  message: 'startup-script: 2026-04-02 17:44:32.413372 - 4013---------------------------------------------'
